# Single SKU Max Power Table (unit is 1 dBm)
# 2.4G Channel CCK    OFDM        VHT20          VHT40          Txstream_Delta
Band: 2.4G CCK_1M CCK_2M CCK_5.5M CCK_11M OFDM_6M OFDM_9M OFDM_12M OFDM_18M OFDM_24M OFDM_36M OFDM_48M OFDM_54M VHT20_MCS0 VHT20_MCS1 VHT20_MCS2 VHT20_MCS3 VHT20_MCS4 VHT20_MCS5 VHT20_MCS6 VHT20_MCS7 VHT20_MCS8 VHT20_MCS9 VHT40_MCS0 VHT40_MCS1 VHT40_MCS2 VHT40_MCS3 VHT40_MCS4 VHT40_MCS5 VHT40_MCS6 VHT40_MCS7 VHT40_MCS8 VHT40_MCS9 Txstream_3T Txstream_2T Txstream_1T                
Ch1 15  15  16  16  16  16 16 16 16  16  16  16 16 16 17 17  17  17  17 17 17 0 0 0
Ch2 15  15  16  16  16  16 16 16 16  16  16  16 16 16 17 17  17  17  17 17 17 0 0 0
Ch3 15  15  16  16  16  16 16 16 16  16  16  16 16 16 17 17  17  17  17 17 17 0 0 0
Ch4 15  15  16  16  16  16 16 16 16  16  16  16 16 16 17 17  17  17  17 17 17 0 0 0
Ch5 15  15  16  16  16  16 16 16 16  16  16  16 16 16 17 17  17  17  17 17 17 0 0 0
Ch6 15  15  16  16  16  16 16 16 16  16  16  16 16 16 17 17  17  17  17 17 17 0 0 0
Ch7 15  15  16  16  16  16 16 16 16  16  16  16 16 16 17 17  17  17  17 17 17 0 0 0
Ch8 15  15  16  16  16  16 16 16 16  16  16  16 16 16 17 17  17  17  17 17 17 0 0 0
Ch9 15  15  16  16  16  16 16 16 16  16  16  16 16 16 17 17  17  17  17 17 17 0 0 0
Ch10 15  15  16  16  16  16 16 16 16  16  16  16 16 16 17 17  17  17  17 17 17 0 0 0
Ch11 15  15  16  16  16  16 16 16 16  16  16  16 16 16 17 17  17  17  17 17 17 0 0 0
Ch12 15  15  16  16  16  16 16 16 16  16  16  16 16 16 17 17  17  17  17 17 17 0 0 0
Ch13 15  15  16  16  16  16 16 16 16  16  16  16 16 16 17 17  17  17  17 17 17 0 0 0
Ch14 15  15  16  16  16  16 16 16 16  16  16  16 16 16 17 17  17  17  17 17 17 0 0 0

# 5G Channel OFDM        VHT20          VHT40          VHT80          VHT160          Txstream_Delta
Band: 5G OFDM_6M OFDM_9M OFDM_12M OFDM_18M OFDM_24M OFDM_36M OFDM_48M OFDM_54M VHT20_MCS0 VHT20_MCS1 VHT20_MCS2 VHT20_MCS3 VHT20_MCS4 VHT20_MCS5 VHT20_MCS6 VHT20_MCS7 VHT20_MCS8 VHT20_MCS9 VHT40_MCS0 VHT40_MCS1 VHT40_MCS2 VHT40_MCS3 VHT40_MCS4 VHT40_MCS5 VHT40_MCS6 VHT40_MCS7 VHT40_MCS8 VHT40_MCS9 VHT80_MCS0 VHT80_MCS1 VHT80_MCS2 VHT80_MCS3 VHT80_MCS4 VHT80_MCS5 VHT80_MCS6 VHT80_MCS7 VHT80_MCS8 VHT80_MCS9 VHT160_MCS0 VHT160_MCS1 VHT160_MCS2 VHT160_MCS3 VHT160_MCS4 VHT160_MCS5 VHT160_MCS6 VHT160_MCS7 VHT160_MCS8 VHT160_MCS9 Txstream_3T Txstream_2T Txstream_1T
Ch8 16  16  16  16 16 17 17  17  17  17 17 18 18 18  18  18  18 18 19 19 19  19  19  19 19 20 19 19  19  19  19 19 20 0 0 0
Ch12 16  16  16  16 16 17 17  17  17  17 17 18 18 18  18  18  18 18 19 19 19  19  19  19 19 20 19 19  19  19  19 19 20 0 0 0
Ch16 16  16  16  16 16 17 17  17  17  17 17 18 18 18  18  18  18 18 19 19 19  19  19  19 19 20 19 19  19  19  19 19 20 0 0 0
Ch36 16  16  16  16 16 17 17  17  17  17 17 18 18 18  18  18  18 18 19 19 19  19  19  19 19 20 19 19  19  19  19 19 20 0 0 0
Ch40 16  16  16  16 16 17 17  17  17  17 17 18 18 18  18  18  18 18 19 19 19  19  19  19 19 20 19 19  19  19  19 19 20 0 0 0
Ch44 16  16  16  16 16 17 17  17  17  17 17 18 18 18  18  18  18 18 19 19 19  19  19  19 19 20 19 19  19  19  19 19 20 0 0 0
Ch48 16  16  16  16 16 17 17  17  17  17 17 18 18 18  18  18  18 18 19 19 19  19  19  19 19 20 19 19  19  19  19 19 20 0 0 0
Ch52 16  16  16  16 16 17 17  17  17  17 17 18 18 18  18  18  18 18 19 19 19  19  19  19 19 20 19 19  19  19  19 19 20 0 0 0
Ch56 16  16  16  16 16 17 17  17  17  17 17 18 18 18  18  18  18 18 19 19 19  19  19  19 19 20 19 19  19  19  19 19 20 0 0 0
Ch60 16  16  16  16 16 17 17  17  17  17 17 18 18 18  18  18  18 18 19 19 19  19  19  19 19 20 19 19  19  19  19 19 20 0 0 0
Ch64 16  16  16  16 16 17 17  17  17  17 17 18 18 18  18  18  18 18 19 19 19  19  19  19 19 20 19 19  19  19  19 19 20 0 0 0
Ch68 16  16  16  16 16 17 17  17  17  17 17 18 18 18  18  18  18 18 19 19 19  19  19  19 19 20 19 19  19  19  19 19 20 0 0 0
Ch72 16  16  16  16 16 17 17  17  17  17 17 18 18 18  18  18  18 18 19 19 19  19  19  19 19 20 19 19  19  19  19 19 20 0 0 0
Ch76 16  16  16  16 16 17 17  17  17  17 17 18 18 18  18  18  18 18 19 19 19  19  19  19 19 20 19 19  19  19  19 19 20 0 0 0
Ch80 16  16  16  16 16 17 17  17  17  17 17 18 18 18  18  18  18 18 19 19 19  19  19  19 19 20 19 19  19  19  19 19 20 0 0 0
Ch84 16  16  16  16 16 17 17  17  17  17 17 18 18 18  18  18  18 18 19 19 19  19  19  19 19 20 19 19  19  19  19 19 20 0 0 0
Ch88 16  16  16  16 16 17 17  17  17  17 17 18 18 18  18  18  18 18 19 19 19  19  19  19 19 20 19 19  19  19  19 19 20 0 0 0
Ch92 16  16  16  16 16 17 17  17  17  17 17 18 18 18  18  18  18 18 19 19 19  19  19  19 19 20 19 19  19  19  19 19 20 0 0 0
Ch100 16  16  16  16 16 17 17  17  17  17 17 18 18 18  18  18  18 18 19 19 19  19  19  19 19 20 19 19  19  19  19 19 20 0 0 0
Ch104 16  16  16  16 16 17 17  17  17  17 17 18 18 18  18  18  18 18 19 19 19  19  19  19 19 20 19 19  19  19  19 19 20 0 0 0
Ch108 16  16  16  16 16 17 17  17  17  17 17 18 18 18  18  18  18 18 19 19 19  19  19  19 19 20 19 19  19  19  19 19 20 0 0 0
Ch112 16  16  16  16 16 17 17  17  17  17 17 18 18 18  18  18  18 18 19 19 19  19  19  19 19 20 19 19  19  19  19 19 20 0 0 0
Ch116 16  16  16  16 16 17 17  17  17  17 17 18 18 18  18  18  18 18 19 19 19  19  19  19 19 20 19 19  19  19  19 19 20 0 0 0
Ch120 16  16  16  16 16 17 17  17  17  17 17 18 18 18  18  18  18 18 19 19 19  19  19  19 19 20 19 19  19  19  19 19 20 0 0 0
Ch124 16  16  16  16 16 17 17  17  17  17 17 18 18 18  18  18  18 18 19 19 19  19  19  19 19 20 19 19  19  19  19 19 20 0 0 0
Ch128 16  16  16  16 16 17 17  17  17  17 17 18 18 18  18  18  18 18 19 19 19  19  19  19 19 20 19 19  19  19  19 19 20 0 0 0
Ch132 16  16  16  16 16 17 17  17  17  17 17 18 18 18  18  18  18 18 19 19 19  19  19  19 19 20 19 19  19  19  19 19 20 0 0 0
Ch136 16  16  16  16 16 17 17  17  17  17 17 18 18 18  18  18  18 18 19 19 19  19  19  19 19 20 19 19  19  19  19 19 20 0 0 0
Ch140 16  16  16  16 16 17 17  17  17  17 17 18 18 18  18  18  18 18 19 19 19  19  19  19 19 20 19 19  19  19  19 19 20 0 0 0
Ch144 16  16  16  16 16 17 17  17  17  17 17 18 18 18  18  18  18 18 19 19 19  19  19  19 19 20 19 19  19  19  19 19 20 0 0 0
Ch149 16  16  16  16 16 17 17  17  17  17 17 18 18 18  18  18  18 18 19 19 19  19  19  19 19 20 19 19  19  19  19 19 20 0 0 0
Ch153 16  16  16  16 16 17 17  17  17  17 17 18 18 18  18  18  18 18 19 19 19  19  19  19 19 20 19 19  19  19  19 19 20 0 0 0
Ch157 16  16  16  16 16 17 17  17  17  17 17 18 18 18  18  18  18 18 19 19 19  19  19  19 19 20 19 19  19  19  19 19 20 0 0 0
Ch161 16  16  16  16 16 17 17  17  17  17 17 18 18 18  18  18  18 18 19 19 19  19  19  19 19 20 19 19  19  19  19 19 20 0 0 0
Ch165 16  16  16  16 16 17 17  17  17  17 17 18 18 18  18  18  18 18 19 19 19  19  19  19 19 20 19 19  19  19  19 19 20 0 0 0
Ch169 16  16  16  16 16 17 17  17  17  17 17 18 18 18  18  18  18 18 19 19 19  19  19  19 19 20 19 19  19  19  19 19 20 0 0 0
Ch177 16  16  16  16 16 17 17  17  17  17 17 18 18 18  18  18  18 18 19 19 19  19  19  19 19 20 19 19  19  19  19 19 20 0 0 0
Ch181 16  16  16  16 16 17 17  17  17  17 17 18 18 18  18  18  18 18 19 19 19  19  19  19 19 20 19 19  19  19  19 19 20 0 0 0
Ch184 16  16  16  16 16 17 17  17  17  17 17 18 18 18  18  18  18 18 19 19 19  19  19  19 19 20 19 19  19  19  19 19 20 0 0 0
Ch188 16  16  16  16 16 17 17  17  17  17 17 18 18 18  18  18  18 18 19 19 19  19  19  19 19 20 19 19  19  19  19 19 20 0 0 0
Ch192 16  16  16  16 16 17 17  17  17  17 17 18 18 18  18  18  18 18 19 19 19  19  19  19 19 20 19 19  19  19  19 19 20 0 0 0
Ch196 16  16  16  16 16 17 17  17  17  17 17 18 18 18  18  18  18 18 19 19 19  19  19  19 19 20 19 19  19  19  19 19 20 0 0 0
